ptbl <-
structure(list(Z = c(0, 1.6399999999999999, 1.96, 2.5800000000000001
), Lower = c(0.5, 0.050502583474103739, 0.024997895148220428, 
0.0049400157577706438), Upper = c(0.5, 0.94949741652589625, 0.97500210485177963, 
0.99505998424222941)), class = "data.frame", row.names = c(NA, 
-4L))
